areaType,areaName,areaCode,date,newWeeklyNsoDeathsByRegDate,cumWeeklyNsoDeathsByRegDate
nation,England,E92000001,2023-02-10,432,182260
nation,England,E92000001,2023-02-03,469,181828
nation,England,E92000001,2023-01-27,545,181359
nation,England,E92000001,2023-01-20,711,180814
nation,England,E92000001,2023-01-13,849,180103
nation,England,E92000001,2023-01-06,679,179254
nation,England,E92000001,2022-12-30,367,178575
nation,England,E92000001,2022-12-23,397,178208
nation,England,E92000001,2022-12-16,364,177811
nation,England,E92000001,2022-12-09,295,177447
nation,England,E92000001,2022-12-02,299,177152
nation,England,E92000001,2022-11-25,333,176853
nation,England,E92000001,2022-11-18,401,176520
nation,England,E92000001,2022-11-11,478,176119
nation,England,E92000001,2022-11-04,605,175641
nation,England,E92000001,2022-10-28,620,175036
nation,England,E92000001,2022-10-21,647,174416
nation,England,E92000001,2022-10-14,523,173769
nation,England,E92000001,2022-10-07,372,173246
nation,England,E92000001,2022-09-30,274,172874
nation,England,E92000001,2022-09-23,217,172600
nation,England,E92000001,2022-09-16,280,172383
nation,England,E92000001,2022-09-09,339,172103
nation,England,E92000001,2022-09-02,297,171764
nation,England,E92000001,2022-08-26,419,171467
nation,England,E92000001,2022-08-19,520,171048
nation,England,E92000001,2022-08-12,561,170528
nation,England,E92000001,2022-08-05,682,169967
nation,England,E92000001,2022-07-29,745,169285
nation,England,E92000001,2022-07-22,697,168540
nation,England,E92000001,2022-07-15,542,167843
nation,England,E92000001,2022-07-08,399,167301
nation,England,E92000001,2022-07-01,309,166902
nation,England,E92000001,2022-06-24,270,166593
nation,England,E92000001,2022-06-17,246,166323
nation,England,E92000001,2022-06-10,271,166077
nation,England,E92000001,2022-06-03,174,165806
nation,England,E92000001,2022-05-27,377,165632
nation,England,E92000001,2022-05-20,528,165255
nation,England,E92000001,2022-05-13,674,164727
nation,England,E92000001,2022-05-06,690,164053
nation,England,E92000001,2022-04-29,1056,163363
nation,England,E92000001,2022-04-22,970,162307
nation,England,E92000001,2022-04-15,951,161337
nation,England,E92000001,2022-04-08,903,160386
nation,England,E92000001,2022-04-01,789,159483
nation,England,E92000001,2022-03-25,734,158694
nation,England,E92000001,2022-03-18,650,157960
nation,England,E92000001,2022-03-11,628,157310
nation,England,E92000001,2022-03-04,621,156682
nation,England,E92000001,2022-02-25,722,156061
nation,England,E92000001,2022-02-18,814,155339
nation,England,E92000001,2022-02-11,1025,154525
nation,England,E92000001,2022-02-04,1162,153500
nation,England,E92000001,2022-01-28,1323,152338
nation,England,E92000001,2022-01-21,1378,151015
nation,England,E92000001,2022-01-14,1308,149637
nation,England,E92000001,2022-01-07,857,148329
nation,England,E92000001,2021-12-31,557,147472
nation,England,E92000001,2021-12-24,797,146915
nation,England,E92000001,2021-12-17,702,146118
nation,England,E92000001,2021-12-10,708,145416
nation,England,E92000001,2021-12-03,729,144708
nation,England,E92000001,2021-11-26,738,143979
nation,England,E92000001,2021-11-19,865,143241
nation,England,E92000001,2021-11-12,943,142376
nation,England,E92000001,2021-11-05,892,141433
nation,England,E92000001,2021-10-29,777,140541
nation,England,E92000001,2021-10-22,708,139764
nation,England,E92000001,2021-10-15,640,139056
nation,England,E92000001,2021-10-08,582,138416
nation,England,E92000001,2021-10-01,715,137834
nation,England,E92000001,2021-09-24,799,137119
nation,England,E92000001,2021-09-17,783,136320
nation,England,E92000001,2021-09-10,786,135537
nation,England,E92000001,2021-09-03,632,134751
nation,England,E92000001,2021-08-27,649,134119
nation,England,E92000001,2021-08-20,551,133470
nation,England,E92000001,2021-08-13,550,132919
nation,England,E92000001,2021-08-06,502,132369
nation,England,E92000001,2021-07-30,389,131867
nation,England,E92000001,2021-07-23,308,131478
nation,England,E92000001,2021-07-16,213,131170
nation,England,E92000001,2021-07-09,176,130957
nation,England,E92000001,2021-07-02,106,130781
nation,England,E92000001,2021-06-25,97,130675
nation,England,E92000001,2021-06-18,102,130578
nation,England,E92000001,2021-06-11,83,130476
nation,England,E92000001,2021-06-04,96,130393
nation,England,E92000001,2021-05-28,92,130297
nation,England,E92000001,2021-05-21,100,130205
nation,England,E92000001,2021-05-14,145,130105
nation,England,E92000001,2021-05-07,124,129960
nation,England,E92000001,2021-04-30,198,129836
nation,England,E92000001,2021-04-23,244,129638
nation,England,E92000001,2021-04-16,346,129394
nation,England,E92000001,2021-04-09,360,129048
nation,England,E92000001,2021-04-02,385,128688
nation,England,E92000001,2021-03-26,687,128303
nation,England,E92000001,2021-03-19,912,127616
nation,England,E92000001,2021-03-12,1428,126704
nation,England,E92000001,2021-03-05,1994,125276
nation,England,E92000001,2021-02-26,2772,123282
nation,England,E92000001,2021-02-19,3891,120510
nation,England,E92000001,2021-02-12,5464,116619
nation,England,E92000001,2021-02-05,6990,111155
nation,England,E92000001,2021-01-29,8063,104165
nation,England,E92000001,2021-01-22,7956,96102
nation,England,E92000001,2021-01-15,6767,88146
nation,England,E92000001,2021-01-08,5597,81379
nation,England,E92000001,2021-01-01,2831,75782
nation,England,E92000001,2020-12-25,2631,72951
nation,England,E92000001,2020-12-18,2729,70320
nation,England,E92000001,2020-12-11,2530,67591
nation,England,E92000001,2020-12-04,2623,65061
nation,England,E92000001,2020-11-27,2820,62438
nation,England,E92000001,2020-11-20,2471,59618
nation,England,E92000001,2020-11-13,2274,57147
nation,England,E92000001,2020-11-06,1771,54873
nation,England,E92000001,2020-10-30,1258,53102
nation,England,E92000001,2020-10-23,913,51844
nation,England,E92000001,2020-10-16,622,50931
nation,England,E92000001,2020-10-09,401,50309
nation,England,E92000001,2020-10-02,296,49908
nation,England,E92000001,2020-09-25,203,49612
nation,England,E92000001,2020-09-18,134,49409
nation,England,E92000001,2020-09-11,97,49275
nation,England,E92000001,2020-09-04,74,49178
nation,England,E92000001,2020-08-28,97,49104
nation,England,E92000001,2020-08-21,126,49007
nation,England,E92000001,2020-08-14,125,48881
nation,England,E92000001,2020-08-07,128,48756
nation,England,E92000001,2020-07-31,183,48628
nation,England,E92000001,2020-07-24,209,48445
nation,England,E92000001,2020-07-17,284,48236
nation,England,E92000001,2020-07-10,344,47952
nation,England,E92000001,2020-07-03,497,47608
nation,England,E92000001,2020-06-26,574,47111
nation,England,E92000001,2020-06-19,744,46537
nation,England,E92000001,2020-06-12,1057,45793
nation,England,E92000001,2020-06-05,1488,44736
nation,England,E92000001,2020-05-29,1715,43248
nation,England,E92000001,2020-05-22,2455,41533
nation,England,E92000001,2020-05-15,3624,39078
nation,England,E92000001,2020-05-08,3716,35454
nation,England,E92000001,2020-05-01,5748,31738
nation,England,E92000001,2020-04-24,7806,25990
nation,England,E92000001,2020-04-17,8335,18184
nation,England,E92000001,2020-04-10,5899,9849
nation,England,E92000001,2020-04-03,3330,3950
nation,England,E92000001,2020-03-27,515,620
nation,England,E92000001,2020-03-20,100,105
nation,England,E92000001,2020-03-13,5,5
